0.1824	0.000000
0.1717	0.000000
0.1485	0.000000
0.1452	0.000000
0.1576	0.000000
0.1234	0.000000
0.1268	0.000000
0.1210	0.000000
0.1242	0.000000
0.1076	0.000000
0.1260	0.000000
0.1213	0.000000
0.1556	0.000000
0.1394	3.750000E-5
0.1295	3.750000E-5
0.1096	7.500000E-5
0.1012	1.125000E-4
0.0881	2.250000E-4
0.0849	3.375000E-4
0.0974	6.000000E-4
0.1409	0.001050
0.1564	0.001725
0.1501	0.002662
0.1415	0.003750
0.1429	0.004800
0.1625	0.005738
0.1747	0.006563
0.1954	0.007388
0.2023	0.008325
0.2272	0.009375
0.2673	0.010575
0.3028	0.011813
0.3485	0.013125
0.3525	0.014250
0.3726	0.015563
0.3675	0.016950
0.3728	0.018187
0.4022	0.019275
0.4293	0.020287
0.4418	0.021300
0.4521	0.022238
0.5192	0.023100
0.5355	0.023962
0.5512	0.024825
0.5737	0.025725
0.5967	0.026625
0.5829	0.027487
0.6074	0.028387
0.6315	0.029288
0.6674	0.030225
0.6598	0.031200
0.6824	0.032175
0.7357	0.033113
0.7294	0.033975
0.7150	0.034950
0.7496	0.035850
0.7600	0.036863
0.7841	0.037875
0.8158	0.038850
0.8569	0.039787
0.9018	0.040612
0.9784	0.041512
0.9964	0.042487
1.0216	0.043537
1.0264	0.044625
1.0814	0.045675
1.1099	0.046837
1.1137	0.047925
1.1763	0.048937
1.1852	0.049987
1.2048	0.051037
1.2207	0.052012
1.2618	0.052837
1.3088	0.053512
1.3308	0.054187
1.3579	0.054900
1.4046	0.055575
1.4237	0.056325
1.4161	0.057075
1.4316	0.057862
1.4807	0.058575
1.4802	0.059250
1.5223	0.059887
1.5812	0.060600
1.5802	0.061275
1.5709	0.061837
1.6310	0.062362
1.6991	0.062925
1.7082	0.063562
1.6794	0.064200
1.7058	0.064875
1.7364	0.065700
1.7602	0.066600
1.8191	0.067387
1.8716	0.068100
1.8932	0.068925
1.9284	0.069862
1.9847	0.070875
2.0235	0.071812
2.0440	0.072750
2.0819	0.073762
2.1337	0.074662
2.1903	0.075487
2.2137	0.076275
2.2518	0.077100
2.2904	0.077925
2.3538	0.078675
2.4429	0.079462
2.4936	0.080288
2.5133	0.081150
2.5377	0.082050
2.5730	0.082912
2.6396	0.083775
2.7312	0.084675
2.8025	0.085500
2.8733	0.086325
2.9168	0.087188
2.9399	0.088050
2.9896	0.088838
3.0664	0.089588
3.1070	0.090338
3.1437	0.091088
3.1787	0.091763
3.1797	0.092400
3.2555	0.093075
3.3404	0.093750
3.3752	0.094500
3.3902	0.095250
3.4753	0.096000
3.5528	0.096863
3.5973	0.097688
3.6741	0.098513
3.7870	0.099338
3.8622	0.100200
3.9220	0.101100
3.9746	0.102000
4.0271	0.102825
4.0888	0.103613
4.1423	0.104363
4.2372	0.105150
4.2860	0.105938
4.3663	0.106725
4.4830	0.107550
4.6145	0.108300
4.7187	0.109050
4.8036	0.109838
4.8991	0.110625
4.9861	0.111450
5.0449	0.112238
5.1055	0.112988
5.1849	0.113738
5.2632	0.114488
5.3669	0.115200
5.4731	0.115875
5.5501	0.116475
5.6131	0.117113
5.6922	0.117788
5.8128	0.118500
5.9205	0.119175
6.0151	0.120000
6.1076	0.120825
6.2002	0.121613
6.3290	0.122475
6.4736	0.123450
6.5812	0.124388
6.7230	0.125325
6.8606	0.126187
7.0022	0.127088
7.1358	0.127950
7.2641	0.128700
7.3678	0.129413
7.4702	0.130200
7.6021	0.131025
7.7411	0.131850
7.9155	0.132712
8.1232	0.133687
8.3073	0.134700
8.4887	0.135637
8.6778	0.136612
8.8329	0.137587
9.0127	0.138525
9.1911	0.139387
9.4064	0.140287
9.5973	0.141112
9.7831	0.141975
9.9589	0.142837
10.1572	0.143625
10.3414	0.144450
10.4990	0.145237
10.6933	0.146025
10.8841	0.146887
11.0874	0.147825
11.3515	0.148800
11.6048	0.149737
11.8517	0.150675
12.1296	0.151650
12.3933	0.152625
12.6561	0.153562
12.9066	0.154462
13.1494	0.155400
13.4061	0.156262
13.7116	0.157200
14.0309	0.158212
14.4159	0.159337
14.7686	0.160462
15.1275	0.161512
15.4851	0.162562
15.8408	0.163500
16.1424	0.164400
16.4381	0.165225
16.7470	0.166050
17.0034	0.166800
17.2804	0.167512
17.5343	0.168300
17.8209	0.169087
18.1659	0.169837
18.4824	0.170587
18.7500	0.171300
18.9764	0.172012
19.2597	0.172725
19.5658	0.173550
19.9053	0.174375
20.2664	0.175237
20.6287	0.176062
20.9805	0.176887
21.2950	0.177675
21.6278	0.178387
21.9347	0.179100
22.2464	0.179850
22.5765	0.180562
22.8781	0.181162
23.1290	0.181762
23.3914	0.182325
23.6620	0.182925
23.9046	0.183525
24.1217	0.184125
24.4244	0.184762
24.7752	0.185512
25.1653	0.186300
25.5403	0.187125
25.9274	0.188100
26.3925	0.189187
26.8920	0.190275
27.3757	0.191325
27.8846	0.192487
28.4266	0.193650
28.8587	0.194737
29.2671	0.195637
29.6882	0.196537
30.0955	0.197437
30.4593	0.198337
30.8384	0.199162
31.2021	0.199950
31.5487	0.200737
31.8609	0.201450
32.1078	0.202012
32.3188	0.202537
32.5320	0.203100
32.7814	0.203737
33.0519	0.204412
33.3024	0.205050
33.5358	0.205800
33.8195	0.206550
34.0969	0.207337
34.3577	0.208125
34.6705	0.208987
35.0293	0.209887
35.3303	0.210787
35.6024	0.211687
35.8934	0.212625
36.2043	0.213600
36.4637	0.214537
36.6903	0.215400
36.9207	0.216262
37.1125	0.217050
37.2923	0.217800
37.4809	0.218475
37.6431	0.219187
37.8043	0.219900
37.9840	0.220612
38.1028	0.221400
38.2610	0.222187
38.3951	0.223012
38.5458	0.223800
38.6036	0.224550
38.7004	0.225225
38.7899	0.225862
38.8662	0.226462
38.9480	0.227062
39.0234	0.227737
39.1014	0.228450
39.1687	0.229162
39.2560	0.229912
39.3202	0.230737
39.3679	0.231600
39.4647	0.232500
39.5378	0.233400
39.6158	0.234337
39.6750	0.235275
39.6976	0.236213
39.6951	0.237150
39.7080	0.238050
39.7186	0.238988
39.7287	0.239850
39.7474	0.240712
39.7816	0.241613
39.8070	0.242513
39.8361	0.243450
39.8308	0.244388
39.8287	0.245363
39.8417	0.246338
39.8185	0.247313
39.7942	0.248288
39.7816	0.249338
39.7699	0.250425
39.7851	0.251475
39.8243	0.252525
39.8367	0.253538
39.8126	0.254550
39.7621	0.255525
39.7416	0.256425
39.7564	0.257325
39.7539	0.258150
39.7078	0.258900
39.7410	0.259688
39.7265	0.260400
39.7200	0.261038
39.7233	0.261600
39.7183	0.262163
39.7048	0.262613
39.6931	0.263100
39.6926	0.263625
39.6878	0.264113
39.6733	0.264675
39.6522	0.265238
39.6126	0.265800
39.6144	0.266363
39.5939	0.266925
39.5716	0.267450
39.5775	0.267975
39.5560	0.268575
39.5365	0.269175
39.5434	0.269813
39.5565	0.270450
39.5111	0.271200
39.4485	0.271988
39.3791	0.272775
39.3251	0.273563
39.2725	0.274388
39.2322	0.275213
39.1689	0.276000
39.1013	0.276863
39.0499	0.277688
38.9720	0.278475
38.8647	0.279300
38.7699	0.280088
38.6663	0.280950
38.5730	0.281775
38.4453	0.282600
38.3310	0.283463
38.2172	0.284288
38.0573	0.285188
37.8928	0.286050
37.7281	0.286913
37.5787	0.287700
37.4327	0.288413
37.2328	0.289163
37.0463	0.289875
36.8740	0.290663
36.7037	0.291450
36.5296	0.292275
36.3290	0.293063
36.1068	0.293850
35.8695	0.294713
35.6259	0.295500
35.3613	0.296288
35.1393	0.297000
34.9195	0.297675
34.7286	0.298313
34.4801	0.298950
34.2515	0.299588
34.0016	0.300225
33.7192	0.300975
33.4448	0.301688
33.2186	0.302363
32.9871	0.303038
32.7348	0.303750
32.4582	0.304463
32.1880	0.305063
31.9464	0.305663
31.6647	0.306300
31.4112	0.306938
31.1509	0.307538
30.9135	0.308175
30.6559	0.308813
30.3978	0.309413
30.1320	0.310013
29.8115	0.310688
29.4987	0.311325
29.2212	0.312000
28.9563	0.312675
28.6255	0.313388
28.3514	0.314025
28.0507	0.314700
27.7174	0.315450
27.3350	0.316200
27.0113	0.316913
26.7172	0.317588
26.3749	0.318338
25.9974	0.319163
25.6713	0.319950
25.3208	0.320775
24.9453	0.321638
24.5573	0.322500
24.1997	0.323250
23.8678	0.323963
23.5184	0.324788
23.1614	0.325575
22.8588	0.326213
22.6078	0.326775
22.3639	0.327300
22.1042	0.327900
21.8739	0.328463
21.6418	0.329100
21.3493	0.329888
21.0124	0.330713
20.6472	0.331538
20.3000	0.332288
20.0257	0.333038
19.6884	0.333788
19.4163	0.334500
19.1219	0.335250
18.8016	0.336075
18.4899	0.337013
18.1302	0.337988
17.8001	0.338888
17.4756	0.339825
17.1019	0.340838
16.7857	0.341775
16.4516	0.342600
16.1145	0.343463
15.8376	0.344288
15.5599	0.345075
15.3232	0.345900
15.0919	0.346688
14.8312	0.347475
14.5549	0.348263
14.3135	0.348975
14.1168	0.349650
13.8973	0.350363
13.6989	0.351038
13.5049	0.351638
13.3585	0.352275
13.1952	0.352950
12.9619	0.353663
12.7739	0.354338
12.5423	0.355050
12.3432	0.355763
12.1569	0.356438
11.9311	0.357150
11.7635	0.357788
11.6020	0.358463
11.4153	0.359175
11.2478	0.359888
11.0674	0.360638
10.8903	0.361350
10.7466	0.362063
10.5726	0.362700
10.4450	0.363300
10.2828	0.363938
10.1468	0.364575
10.0112	0.365250
9.8799	0.365925
9.7024	0.366600
9.5472	0.367238
9.4010	0.367763
9.2666	0.368325
9.1815	0.368813
9.0735	0.369375
8.9589	0.369975
8.8883	0.370575
8.7830	0.371175
8.6240	0.371850
8.4627	0.372563
8.3301	0.373313
8.1758	0.374138
8.0371	0.374925
7.8877	0.375713
7.7205	0.376575
7.5931	0.377400
7.4803	0.378300
7.3256	0.379275
7.1814	0.380213
7.0678	0.381150
6.8935	0.382050
6.7351	0.382875
6.6376	0.383663
6.5067	0.384412
6.3981	0.385125
6.3132	0.385838
6.2103	0.386587
6.0999	0.387337
6.0145	0.388050
5.9209	0.388800
5.8405	0.389512
5.7203	0.390225
5.6518	0.390937
5.5507	0.391687
5.4543	0.392400
5.3393	0.393150
5.2497	0.393937
5.1406	0.394800
5.0157	0.395700
4.9344	0.396562
4.8717	0.397425
4.7889	0.398287
4.7385	0.399075
4.6687	0.399787
4.5903	0.400500
4.4900	0.401250
4.3832	0.402000
4.2950	0.402750
4.2325	0.403387
4.1613	0.403987
4.1125	0.404550
4.0521	0.405075
4.0246	0.405600
3.9960	0.406162
3.9394	0.406762
3.8782	0.407250
3.8243	0.407662
3.7882	0.408112
3.7348	0.408600
3.6869	0.409012
3.6275	0.409387
3.5937	0.409800
3.5462	0.410325
3.5162	0.410812
3.4995	0.411225
3.4746	0.411600
3.4346	0.411975
3.4045	0.412425
3.4059	0.412912
3.3527	0.413475
3.3219	0.414075
3.2842	0.414712
3.2110	0.415350
3.1530	0.416025
3.0758	0.416737
3.0277	0.417412
2.9944	0.418162
2.9597	0.418950
2.8792	0.419812
2.8115	0.420712
2.7726	0.421612
2.7323	0.422587
2.7165	0.423637
2.6470	0.424687
2.5653	0.425775
2.4644	0.426862
2.4118	0.428025
2.3477	0.429150
2.2603	0.430200
2.2151	0.431137
2.1860	0.432075
2.1534	0.432937
2.1327	0.433612
2.0766	0.434212
2.0375	0.434737
2.0592	0.435337
2.0162	0.435937
1.9847	0.436537
1.9732	0.437137
1.9641	0.437775
1.9267	0.438375
1.8658	0.438937
1.8044	0.439537
1.7788	0.440062
1.7879	0.440550
1.7988	0.441037
1.7921	0.441562
1.7469	0.442125
1.6928	0.442762
1.6205	0.443400
1.6149	0.444075
1.5678	0.444787
1.5393	0.445537
1.5524	0.446212
1.5209	0.446887
1.5064	0.447525
1.4950	0.448237
1.4498	0.448875
1.4137	0.449512
1.3771	0.450225
1.3557	0.450975
1.3280	0.451650
1.3302	0.452325
1.3238	0.452925
1.3292	0.453450
1.2955	0.453862
1.2592	0.454312
1.2300	0.454837
1.2115	0.455475
1.2247	0.456187
1.2083	0.456937
1.1949	0.457725
1.1838	0.458587
1.1272	0.459412
1.0743	0.460200
1.0442	0.460987
0.9896	0.461700
0.9492	0.462337
0.9535	0.462900
0.9714	0.463462
0.9641	0.464025
0.9408	0.464550
0.9126	0.465075
0.9023	0.465600
0.8929	0.466125
0.8833	0.466687
0.8677	0.467212
0.8583	0.467737
0.8673	0.468262
0.8289	0.468900
0.8119	0.469500
0.8093	0.470175
0.8312	0.470812
0.7968	0.471487
0.7696	0.472162
0.7714	0.472837
0.7337	0.473512
0.7461	0.474225
0.7304	0.474975
0.6760	0.475650
0.6131	0.476325
0.6037	0.476925
0.5923	0.477525
0.6233	0.478050
0.6202	0.478575
0.6194	0.478912
0.6000	0.479212
0.6129	0.479475
0.6506	0.479662
0.6200	0.479887
0.6134	0.480187
0.6042	0.480262
0.5739	0.480375
0.5684	0.480562
0.5924	0.480637
0.6066	0.480750
0.6014	0.480825
0.5671	0.480975
0.5813	0.481125
0.5625	0.481312
0.5590	0.481462
0.5695	0.481500
0.5765	0.481575
0.5707	0.481650
0.5971	0.481687
0.6002	0.481687
0.5816	0.481762
0.5418	0.481837
0.5133	0.481987
0.4990	0.482137
0.4881	0.482362
0.4836	0.482662
0.4660	0.483000
0.4902	0.483375
0.5128	0.483825
0.5297	0.484162
0.5011	0.484312
0.4725	0.484275
0.4602	0.484312