0.0354	0.000000
0.0367	0.000000
-0.0045	0.000000
-0.0219	0.000000
-0.0416	0.000000
-0.0208	0.000000
-0.0160	0.000000
-0.0049	0.000000
-0.0300	3.750000E-5
-0.0641	2.250000E-4
-0.0544	7.125000E-4
0.0087	0.001387
0.0129	0.002475
0.0089	0.003788
0.0238	0.005362
0.0794	0.007012
0.1618	0.008475
0.1906	0.009750
0.2663	0.010950
0.2768	0.012113
0.2896	0.013237
0.3800	0.014288
0.3996	0.015300
0.4208	0.016350
0.4577	0.017400
0.4773	0.018338
0.4818	0.019238
0.5062	0.020138
0.5477	0.020925
0.5923	0.021713
0.6228	0.022463
0.6553	0.023213
0.7045	0.023963
0.7018	0.024750
0.7009	0.025650
0.7430	0.026588
0.7814	0.027488
0.8356	0.028388
0.9014	0.029250
0.9525	0.030150
0.9768	0.031050
1.0044	0.032025
1.0310	0.033038
1.0681	0.034163
1.1066	0.035438
1.1627	0.036900
1.2076	0.038400
1.2791	0.039863
1.3672	0.041550
1.4728	0.043350
1.5354	0.045188
1.6567	0.046950
1.7757	0.048825
1.8557	0.050775
1.9458	0.052725
2.0619	0.054638
2.2076	0.056700
2.3691	0.058838
2.4811	0.060900
2.6153	0.062663
2.7462	0.064125
2.8873	0.065475
3.0017	0.066750
3.0853	0.067988
3.2074	0.069450
3.3496	0.071213
3.5002	0.073125
3.6578	0.075075
3.8998	0.077138
4.1507	0.079313
4.4015	0.081525
4.6246	0.083625
4.8542	0.085575
5.1072	0.087338
5.3443	0.089138
5.5691	0.090900
5.7829	0.092475
5.9670	0.093712
6.1135	0.094650
6.2208	0.095288
6.2923	0.095700
6.3583	0.096075
6.3883	0.096300
6.4605	0.096562
6.4949	0.096862
6.5480	0.097275
6.5979	0.097612
6.6481	0.098137
6.7433	0.098850
6.8598	0.099525
7.0018	0.100238
7.1503	0.101100
7.3055	0.101925
7.4316	0.102600
7.5624	0.103237
7.6744	0.103875
7.8536	0.104737
8.0831	0.105862
8.3036	0.107325
8.6399	0.108900
8.9980	0.110437
9.3183	0.111863
9.5801	0.113137
9.8482	0.114187
10.0690	0.115087
10.3169	0.115912
10.5258	0.116737
10.7074	0.117487
10.9007	0.118275
11.1039	0.119025
11.3555	0.119850
11.5901	0.120713
11.8008	0.121425
11.9896	0.122212
12.2338	0.123075
12.4541	0.123938
12.6534	0.124725
12.9153	0.125587
13.2066	0.126525
13.5055	0.127425
13.7942	0.128363
14.0767	0.129263
14.3805	0.130275
14.7540	0.131475
15.1597	0.132788
15.6111	0.134250
16.1006	0.135675
16.6143	0.137175
17.1734	0.138675
17.7222	0.140138
18.2606	0.141713
18.8454	0.143363
19.4397	0.145013
20.0684	0.146850
20.8316	0.148800
21.6040	0.150975
22.4279	0.153225
23.2162	0.155438
23.9155	0.157350
24.4955	0.158963
24.9760	0.160238
25.3306	0.161288
25.6325	0.162188
25.8803	0.162938
26.0551	0.163575
26.2458	0.164138
26.4482	0.164663
26.5862	0.165225
26.7350	0.165825
26.9357	0.166463
27.1217	0.167213
27.3439	0.168075
27.5812	0.169125
27.8321	0.170288
28.1306	0.171675
28.3909	0.173025
28.6330	0.174225
28.8376	0.175125
28.9857	0.175838
29.0783	0.176363
29.1116	0.176738
29.1134	0.177000
29.1710	0.177338
29.2045	0.177675
29.2389	0.178013
29.2725	0.178425
29.2973	0.178800
29.3338	0.179175
29.3647	0.179588
29.3820	0.179963
29.4274	0.180338
29.4629	0.180713
29.4575	0.181125
29.4836	0.181613
29.5304	0.182100
29.5360	0.182663
29.5583	0.183300
29.6034	0.183938
29.6250	0.184613
29.5756	0.185250
29.5548	0.185925
29.5452	0.186600
29.4860	0.187238
29.4674	0.187875
29.4087	0.188550
29.3456	0.189150
29.2716	0.189788
29.1951	0.190463
29.1664	0.191213
29.1151	0.191888
29.0300	0.192488
28.9589	0.193088
28.8659	0.193688
28.7799	0.194288
28.7436	0.194813
28.6586	0.195338
28.6086	0.195863
28.6018	0.196388
28.4625	0.196875
28.3414	0.197438
28.2393	0.197963
28.1430	0.198563
28.0219	0.199163
27.8953	0.199763
27.7856	0.200438
27.6265	0.201150
27.4252	0.201788
27.2790	0.202500
27.1340	0.203213
26.9776	0.203963
26.7804	0.204713
26.5795	0.205463
26.4054	0.206250
26.2346	0.207038
26.0625	0.207713
25.8727	0.208388
25.6676	0.209025
25.4819	0.209625
25.3718	0.210188
25.2711	0.210713
25.1741	0.211125
25.0460	0.211538
24.9171	0.211950
24.8316	0.212325
24.7071	0.212775
24.5911	0.213263
24.4620	0.213713
24.3507	0.214238
24.2173	0.214800
24.0687	0.215400
23.8859	0.216038
23.7125	0.216713
23.5680	0.217313
23.4356	0.217913
23.3005	0.218550
23.1295	0.219150
22.9842	0.219788
22.8088	0.220463
22.6242	0.221175
22.4664	0.221925
22.2571	0.222750
22.0611	0.223613
21.8610	0.224513
21.6537	0.225450
21.4463	0.226388
21.2643	0.227288
21.1181	0.228188
20.9662	0.228975
20.8066	0.229763
20.6496	0.230475
20.5028	0.231150
20.4116	0.231863
20.2837	0.232538
20.1888	0.233138
20.1090	0.233588
20.0728	0.234038
20.0263	0.234413
19.9567	0.234788
19.8933	0.235163
19.8448	0.235500
19.8127	0.235913
19.7411	0.236363
19.6945	0.236850
19.6339	0.237375
19.5261	0.237900
19.4527	0.238500
19.3660	0.239100
19.2791	0.239700
19.1890	0.240300
19.1301	0.240975
19.1104	0.241650
19.0791	0.242288
19.0441	0.242925
18.9852	0.243525
18.9255	0.244088
18.8618	0.244688
18.8255	0.245250
18.7943	0.245850
18.7884	0.246375
18.7746	0.246975
18.7832	0.247575
18.7860	0.248138
18.7483	0.248738
18.6995	0.249338
18.7002	0.249938
18.7112	0.250538
18.7156	0.251138
18.7132	0.251813
18.7109	0.252488
18.7102	0.253200
18.7090	0.253875
18.7383	0.254663
18.7738	0.255450
18.8372	0.256238
18.9067	0.257063
18.9160	0.257888
18.9594	0.258750
19.0210	0.259650
19.0546	0.260588
19.1418	0.261600
19.2313	0.262613
19.3735	0.263625
19.5127	0.264675
19.6272	0.265650
19.7773	0.266588
19.9099	0.267450
19.9963	0.268238
20.0728	0.269025
20.1813	0.269775
20.2953	0.270450
20.3853	0.271088
20.4701	0.271688
20.5508	0.272288
20.6731	0.272850
20.7859	0.273375
20.8727	0.273863
20.9917	0.274388
21.0968	0.274875
21.1852	0.275362
21.3016	0.275962
21.4341	0.276637
21.5921	0.277462
21.7542	0.278212
21.9135	0.278925
22.0945	0.279675
22.2423	0.280387
22.4181	0.281137
22.5849	0.281887
22.7859	0.282750
23.0247	0.283612
23.2263	0.284512
23.4561	0.285412
23.6738	0.286237
23.8531	0.286950
24.0182	0.287625
24.2166	0.288262
24.3865	0.288862
24.5040	0.289387
24.6168	0.289912
24.7247	0.290362
24.8366	0.290812
24.9175	0.291150
25.0022	0.291450
25.0564	0.291712
25.1462	0.292012
25.2788	0.292350
25.3523	0.292612
25.4411	0.292987
25.5296	0.293362
25.6027	0.293737
25.6975	0.294187
25.8100	0.294600
25.8466	0.294975
25.8949	0.295387
26.0167	0.295800
26.1489	0.296362
26.2942	0.297075
26.4429	0.297750
26.6157	0.298462
26.7840	0.299137
26.9272	0.299812
27.0911	0.300525
27.2633	0.301200
27.3564	0.301837
27.4784	0.302437
27.5915	0.303075
27.7183	0.303712
27.8653	0.304350
27.9916	0.304912
28.0930	0.305550
28.1871	0.306150
28.2561	0.306825
28.3654	0.307687
28.4747	0.308512
28.5851	0.309412
28.7136	0.310312
28.8271	0.311287
28.9206	0.312300
29.0178	0.313387
29.0925	0.314475
29.1576	0.315600
29.1636	0.316725
29.1607	0.317887
29.1709	0.319050
29.1262	0.320138
29.0552	0.321188
29.0020	0.322163
28.9345	0.323138
28.8449	0.324150
28.7275	0.325313
28.5969	0.326475
28.4154	0.327713
28.2561	0.328950
28.0326	0.330150
27.7871	0.331350
27.5430	0.332438
27.3218	0.333300
27.1166	0.334088
26.9217	0.334913
26.7312	0.335663
26.5496	0.336375
26.3267	0.337125
26.1314	0.337875
25.9041	0.338625
25.7161	0.339375
25.5193	0.340087
25.2927	0.340800
25.0543	0.341512
24.8218	0.342337
24.5534	0.343237
24.2280	0.344138
23.9004	0.345113
23.5921	0.346050
23.2744	0.346987
22.9510	0.347812
22.6355	0.348750
22.2901	0.349650
21.9781	0.350550
21.6565	0.351525
21.2540	0.352613
20.8422	0.353737
20.4595	0.354788
20.0723	0.355763
19.7089	0.356737
19.3568	0.357750
18.9786	0.358838
18.5390	0.360000
18.0814	0.361275
17.6260	0.362663
17.1335	0.364088
16.6138	0.365588
16.0926	0.367050
15.6471	0.368400
15.2123	0.369638
14.8361	0.370650
14.5419	0.371588
14.2121	0.372563
13.9733	0.373275
13.7848	0.373875
13.6039	0.374475
13.4086	0.375075
13.2115	0.375638
13.0535	0.376088
12.9297	0.376688
12.7691	0.377288
12.5789	0.377775
12.4188	0.378300
12.2824	0.378825
12.1633	0.379350
12.0355	0.379837
11.8967	0.380288
11.7182	0.380813
11.5180	0.381525
11.3512	0.382350
11.1365	0.383213
10.8702	0.384225
10.6194	0.385200
10.3579	0.386250
10.1598	0.387038
10.0017	0.387638
9.8741	0.388125
9.7577	0.388537
9.6750	0.388875
9.6104	0.389137
9.5338	0.389588
9.4256	0.390150
9.2726	0.390788
9.0900	0.391500
8.9149	0.392400
8.7198	0.393450
8.4869	0.394575
8.2313	0.395775
7.9720	0.396975
7.7786	0.398212
7.5868	0.399412
7.3486	0.400500
7.1564	0.401550
6.9778	0.402487
6.7918	0.403387
6.6320	0.404213
6.5020	0.404925
6.4034	0.405675
6.2879	0.406425
6.1815	0.407100
6.0907	0.407737
5.9812	0.408450
5.8532	0.409200
5.7158	0.409950
5.5678	0.410700
5.4705	0.411525
5.3829	0.412350
5.2828	0.413175
5.2042	0.414000
5.0968	0.414787
4.9318	0.415537
4.8359	0.416212
4.7894	0.416700
4.7178	0.417300
4.6447	0.418012
4.5787	0.418762
4.4982	0.419512
4.3897	0.420337
4.2870	0.421200
4.1996	0.421950
4.1504	0.422587
4.0954	0.423112
4.0463	0.423675
3.9966	0.424237
3.9515	0.424800
3.8927	0.425512
3.8239	0.426225
3.7302	0.427087
3.5896	0.428100
3.4712	0.429150
3.3876	0.430275
3.3002	0.431325
3.1975	0.432375
3.1019	0.433425
3.0170	0.434550
2.9373	0.435712
2.8637	0.436837
2.7345	0.437850
2.6502	0.438787
2.5680	0.439612
2.5199	0.440325
2.4898	0.441037
2.4519	0.441675
2.4218	0.442350
2.3375	0.443025
2.2827	0.443662
2.2710	0.444337
2.2438	0.445087
2.1670	0.445875
2.1386	0.446737
2.0658	0.447600
2.0066	0.448425
1.9651	0.449362
1.8838	0.450225
1.8558	0.450937
1.8421	0.451650
1.8061	0.452437
1.7420	0.453262
1.7089	0.454087
1.6756	0.454950
1.6151	0.455775
1.5595	0.456562
1.5022	0.457350
1.4810	0.458137
1.4559	0.458887
1.4409	0.459600
1.3855	0.460237
1.3269	0.460912
1.3422	0.461512
1.3489	0.462112
1.2856	0.462712
1.2259	0.463200
1.2098	0.463687
1.1777	0.464250
1.1495	0.464850
1.1234	0.465487
1.1078	0.466125
1.0966	0.466612
1.0630	0.467062
1.0263	0.467475
0.9692	0.467887
0.9574	0.468225
0.9551	0.468600
0.9338	0.468975
0.9059	0.469425
0.9079	0.469950
0.9171	0.470437
0.9249	0.470962
0.9047	0.471450
0.8851	0.471825
0.8244	0.472200
0.8004	0.472500
0.7876	0.472762
0.8009	0.473100
0.8102	0.473512
0.7860	0.474000
0.7811	0.474562
0.7524	0.475125
0.7086	0.475762
0.6821	0.476400
0.6582	0.477000
0.6449	0.477600
0.6357	0.478237
0.6397	0.478912
0.6378	0.479812
0.6137	0.480750
0.5847	0.481762
0.5506	0.482775
0.5228	0.483675
0.4933	0.484425
0.4616	0.485100
0.4345	0.485662
0.4089	0.486225