-0.0300	0.001388
-0.0035	0.002438
0.0048	0.003413
0.0540	0.004275
0.0482	0.005025
0.0459	0.005775
0.0369	0.006413
0.0236	0.006938
0.0452	0.007350
0.0573	0.007725
0.0595	0.008100
0.0672	0.008513
0.0613	0.008963
0.0560	0.009525
0.0684	0.010050
0.0929	0.010538
0.1057	0.010988
0.1103	0.011513
0.1363	0.012000
0.1399	0.012563
0.1407	0.013200
0.1484	0.013913
0.1371	0.014700
0.1257	0.015525
0.1630	0.016350
0.1639	0.017250
0.1719	0.018188
0.2154	0.019200
0.2283	0.020175
0.2838	0.021150
0.3368	0.022050
0.3597	0.023025
0.3622	0.024000
0.3756	0.024975
0.3821	0.025950
0.4233	0.026888
0.4560	0.027900
0.5136	0.028838
0.5432	0.029775
0.5440	0.030750
0.5536	0.031650
0.5482	0.032588
0.5627	0.033450
0.5643	0.034275
0.5985	0.035100
0.6083	0.035963
0.6348	0.036788
0.6424	0.037575
0.6699	0.038363
0.7024	0.039113
0.7187	0.039788
0.7362	0.040350
0.7730	0.040800
0.7741	0.041175
0.8079	0.041588
0.8094	0.042000
0.7748	0.042450
0.7624	0.042975
0.7971	0.043575
0.8543	0.044175
0.8623	0.044775
0.8742	0.045413
0.8681	0.046013
0.8788	0.046725
0.9178	0.047513
0.9388	0.048413
0.9843	0.049350
1.0299	0.050250
1.0563	0.051150
1.0865	0.052013
1.0793	0.052838
1.1007	0.053588
1.1123	0.054300
1.1445	0.055050
1.1621	0.055800
1.1767	0.056588
1.1906	0.057375
1.2190	0.058125
1.2365	0.058838
1.2154	0.059513
1.2224	0.060113
1.2799	0.060788
1.3155	0.061500
1.3279	0.062213
1.3632	0.062963
1.4163	0.063788
1.4622	0.064613
1.5072	0.065475
1.5316	0.066375
1.5897	0.067275
1.6021	0.068175
1.6333	0.069038
1.6585	0.069863
1.6569	0.070575
1.6939	0.071250
1.7570	0.071925
1.8174	0.072563
1.8229	0.073163
1.8598	0.073725
1.8752	0.074363
1.9045	0.074963
1.9335	0.075563
1.9560	0.076163
1.9829	0.076763
2.0776	0.077288
2.0971	0.077925
2.1097	0.078638
2.1645	0.079313
2.1947	0.079988
2.2140	0.080588
2.2236	0.081225
2.2480	0.081788
2.2736	0.082313
2.3037	0.082875
2.3515	0.083438
2.3918	0.084000
2.4166	0.084563
2.4473	0.085163
2.4956	0.085725
2.5571	0.086287
2.5530	0.086812
2.5844	0.087412
2.6117	0.088050
2.6763	0.088687
2.7275	0.089325
2.7475	0.089925
2.7647	0.090562
2.8231	0.091200
2.8764	0.091837
2.9159	0.092362
2.9856	0.092925
3.0378	0.093525
3.0903	0.094125
3.1417	0.094687
3.1748	0.095250
3.2040	0.095812
3.2680	0.096450
3.3300	0.097012
3.3563	0.097537
3.3685	0.098062
3.3939	0.098587
3.4425	0.099187
3.5328	0.099750
3.5574	0.100275
3.5870	0.100837
3.6353	0.101437
3.6942	0.102075
3.7189	0.102712
3.7473	0.103350
3.7959	0.103950
3.8521	0.104475
3.9157	0.104887
3.9520	0.105225
3.9961	0.105525
4.0355	0.105787
4.0627	0.106087
4.0713	0.106387
4.0918	0.106725
4.1754	0.107175
4.1796	0.107662
4.2419	0.108187
4.2790	0.108712
4.2960	0.109200
4.3378	0.109687
4.3991	0.110100
4.4466	0.110550
4.4735	0.110962
4.5149	0.111375
4.5688	0.111825
4.6290	0.112275
4.6526	0.112725
4.6877	0.113137
4.7803	0.113662
4.8414	0.114112
4.8874	0.114562
4.9328	0.115050
5.0017	0.115537
5.0399	0.116062
5.1065	0.116550
5.1603	0.117075
5.2130	0.117562
5.2970	0.118050
5.3630	0.118500
5.4194	0.118950
5.4617	0.119362
5.5039	0.119775
5.5450	0.120225
5.6238	0.120712
5.6734	0.121162
5.7620	0.121612
5.8460	0.122062
5.9044	0.122438
5.9380	0.122812
5.9618	0.123150
6.0217	0.123487
6.0714	0.123787
6.1072	0.124050
6.1748	0.124312
6.1951	0.124575
6.1982	0.124800
6.1829	0.124950
6.1827	0.125175
6.2628	0.125475
6.2643	0.125812
6.3262	0.126262
6.4401	0.126825
6.5512	0.127425
6.6394	0.128100
6.6596	0.128662
6.7265	0.129150
6.8238	0.129562
6.9030	0.129937
6.9692	0.130275
7.0163	0.130612
7.0736	0.131025
7.1110	0.131400
7.1622	0.131775
7.2235	0.132112
7.2663	0.132450
7.3229	0.132750
7.3920	0.133050
7.4357	0.133462
7.5057	0.133762
7.6281	0.134287
7.7372	0.134962
7.8255	0.135862
7.9474	0.136687
8.1234	0.137700
8.3237	0.138712
8.5309	0.139837
8.7426	0.141000
8.9785	0.142237
9.2451	0.143550
9.4963	0.144825
9.7627	0.146212
10.0617	0.147337
10.3206	0.148350
10.5738	0.149437
10.8125	0.150412
11.0434	0.151350
11.3157	0.152212
11.5624	0.153037
11.7531	0.153787
11.9619	0.154350
12.1376	0.154912
12.2649	0.155400
12.4102	0.155925
12.5437	0.156450
12.6966	0.156937
12.8415	0.157462
13.0174	0.157987
13.1613	0.158512
13.3048	0.159075
13.4683	0.159600
13.6369	0.160237
13.7859	0.160837
14.0044	0.161475
14.2137	0.162075
14.4328	0.162675
14.6224	0.163275
14.8402	0.163837
15.0690	0.164400
15.2770	0.165075
15.4844	0.165825
15.7487	0.166575
16.0580	0.167400
16.3614	0.168262
16.6714	0.169125
17.0215	0.170025
17.3675	0.170887
17.6666	0.171600
17.9443	0.172237
18.1718	0.172837
18.4061	0.173437
18.6310	0.173962
18.8346	0.174487
19.0634	0.174975
19.3106	0.175500
19.5232	0.176062
19.7322	0.176625
19.9808	0.177112
20.2008	0.177600
20.4324	0.178125
20.7078	0.178725
20.9810	0.179362
21.2976	0.180000
21.6390	0.180712
22.0271	0.181500
22.4429	0.182325
22.8465	0.183225
23.2490	0.184087
23.6513	0.184912
24.0604	0.185700
24.4663	0.186525
24.8949	0.187350
25.2998	0.188175
25.7124	0.188962
26.0983	0.189675
26.4783	0.190350
26.8839	0.191062
27.2071	0.191662
27.4712	0.192075
27.7323	0.192450
27.9683	0.192900
28.2045	0.193387
28.4482	0.193800
28.6866	0.194250
28.9829	0.194737
29.2415	0.195187
29.4688	0.195562
29.6796	0.195975
29.9470	0.196462
30.2380	0.196987
30.5046	0.197512
30.8039	0.198000
31.0950	0.198525
31.3832	0.199012
31.6791	0.199462
31.9404	0.199912
32.2451	0.200437
32.5510	0.200962
32.8673	0.201487
33.1587	0.201937
33.4113	0.202425
33.6194	0.202837
33.8562	0.203212
34.0995	0.203625
34.3780	0.204037
34.6170	0.204487
34.8847	0.204975
35.1699	0.205462
35.4792	0.205987
35.7763	0.206475
36.0467	0.206962
36.3258	0.207412
36.5914	0.207900
36.8677	0.208425
37.0985	0.208762
37.2709	0.208987
37.3933	0.209137
37.4812	0.209362
37.6265	0.209625
37.7943	0.209925
38.0111	0.210300
38.2676	0.210750
38.5268	0.211237
38.8208	0.211800
39.1581	0.212400
39.4724	0.212962
39.7996	0.213600
40.1376	0.214275
40.5053	0.214950
40.8665	0.215662
41.1972	0.216337
41.5493	0.217012
41.9024	0.217687
42.2216	0.218287
42.5792	0.218925
42.9018	0.219487
43.1496	0.220087
43.4455	0.220650
43.7301	0.221212
44.0075	0.221775
44.2862	0.222337
44.4903	0.222900
44.7027	0.223462
44.9609	0.224100
45.2222	0.224662
45.4585	0.225225
45.7478	0.225787
46.0005	0.226350
46.2470	0.226987
46.4889	0.227662
46.7611	0.228337
46.9850	0.228937
47.2005	0.229537
47.4510	0.230250
47.6629	0.230962
47.9514	0.231675
48.1975	0.232387
48.4268	0.233100
48.5869	0.233775
48.7664	0.234375
48.9507	0.234975
49.0748	0.235537
49.2054	0.236137
49.3347	0.236850
49.5017	0.237600
49.6189	0.238237
49.7506	0.238725
49.8745	0.239175
49.9857	0.239737
50.0922	0.240487
50.1815	0.241425
50.2914	0.242475
50.4391	0.243637
50.5210	0.244687
50.5652	0.245737
50.6057	0.246787
50.6610	0.247725
50.6287	0.248700
50.6026	0.249750
50.5867	0.250687
50.4929	0.251550
50.4245	0.252225
50.3480	0.252825
50.2795	0.253462
50.1995	0.254025
50.1635	0.254512
50.0840	0.255037
50.0112	0.255412
49.9669	0.255712
49.8897	0.256012
49.8738	0.256350
49.8090	0.256762
49.6680	0.257175
49.5674	0.257700
49.4645	0.258262
49.2814	0.258900
49.1560	0.259537
49.0208	0.260212
48.8411	0.260887
48.6614	0.261712
48.3763	0.262537
48.0705	0.263437
47.7498	0.264412
47.4281	0.265350
47.1047	0.266212
46.8265	0.267037
46.5357	0.267787
46.2780	0.268500
45.9619	0.269212
45.6640	0.269925
45.3451	0.270562
45.0462	0.271200
44.7725	0.271875
44.5153	0.272512
44.2218	0.273187
43.8771	0.273900
43.5238	0.274650
43.1446	0.275475
42.7517	0.276300
42.3337	0.277087
41.8893	0.277912
41.4695	0.278662
41.0438	0.279412
40.6708	0.280125
40.3016	0.280725
39.9808	0.281325
39.7127	0.281812
39.4600	0.282262
39.1755	0.282787
38.9022	0.283312
38.6404	0.283837
38.2746	0.284400
37.9256	0.285000
37.5900	0.285600
37.1956	0.286275
36.8124	0.286950
36.4056	0.287700
35.9669	0.288450
35.5011	0.289237
35.0371	0.290100
34.5477	0.290925
34.0428	0.291787
33.5499	0.292612
33.0911	0.293400
32.6802	0.294112
32.2525	0.294862
31.8017	0.295612
31.3771	0.296287
31.0128	0.296925
30.6086	0.297562
30.2405	0.298200
29.9161	0.298800
29.5676	0.299437
29.2588	0.300000
28.9520	0.300487
28.6826	0.300975
28.4161	0.301425
28.1633	0.301875
27.9102	0.302400
27.6168	0.302925
27.2984	0.303525
26.9669	0.304162
26.6420	0.304800
26.3512	0.305475
26.0130	0.306150
25.6396	0.306825
25.2660	0.307500
24.9127	0.308175
24.5420	0.308850
24.1668	0.309525
23.7908	0.310200
23.4612	0.310912
23.1270	0.311625
22.7938	0.312300
22.4494	0.313050
22.0780	0.313800
21.7006	0.314550
21.3423	0.315300
21.0364	0.315975
20.6971	0.316725
20.3809	0.317362
20.0671	0.318000
19.8047	0.318600
19.5444	0.319200
19.2642	0.319837
19.0337	0.320512
18.7642	0.321225
18.4375	0.321937
18.1727	0.322687
17.9268	0.323362
17.6677	0.324000
17.4114	0.324600
17.1902	0.325162
16.9934	0.325687
16.8190	0.326175
16.6200	0.326625
16.4581	0.327037
16.3181	0.327412
16.1819	0.327787
16.0849	0.328087
15.9605	0.328425
15.8316	0.328762
15.7339	0.329062
15.6110	0.329437
15.4541	0.329812
15.3059	0.330300
15.1516	0.330750
14.9546	0.331275
14.7840	0.331800
14.6274	0.332287
14.4432	0.332775
14.3050	0.333300
14.1457	0.333750
13.9383	0.334275
13.7702	0.334800
13.6268	0.335362
13.4557	0.335925
13.2559	0.336562
13.0734	0.337200
12.9090	0.337800
12.7621	0.338362
12.6054	0.338887
12.4488	0.339375
12.2992	0.339900
12.1363	0.340425
11.9970	0.340950
11.8427	0.341437
11.6944	0.342000
11.5423	0.342525
11.4131	0.343125
11.2716	0.343725
11.1061	0.344362
10.9438	0.345000
10.7401	0.345637
10.5404	0.346312
10.3610	0.346987
10.2588	0.347700
10.1108	0.348412
9.9441	0.349050
9.7692	0.349800
9.6335	0.350587
9.5086	0.351300
9.3678	0.351975
9.2157	0.352612
9.0696	0.353212
8.9168	0.353850
8.7860	0.354450
8.6790	0.355012
8.5880	0.355537
8.4635	0.356137
8.3626	0.356737
8.2377	0.357300
8.1161	0.357900
7.9950	0.358537
7.9162	0.359175
7.8300	0.359737
7.7049	0.360337
7.5500	0.361087
7.4109	0.361837
7.3366	0.362550
7.2417	0.363187
7.1428	0.363825
7.0309	0.364500
6.9105	0.365212
6.7719	0.365962
6.6670	0.366637
6.5589	0.367200
6.4769	0.367725
6.4185	0.368287
6.3594	0.368737
6.2559	0.369112
6.1973	0.369675
6.1400	0.370275
6.1417	0.370762
6.0812	0.371175
5.9861	0.371737
5.9065	0.372337
5.8492	0.372825
5.7653	0.373275
5.7159	0.373762
5.6233	0.374175
5.5525	0.374587
5.5183	0.375000
5.4566	0.375600
5.4091	0.376200
5.3398	0.376687
5.2653	0.377100
5.1982	0.377625
5.1522	0.378112
5.0756	0.378637
5.0125	0.379237
4.9648	0.379687
4.9615	0.380212
4.8903	0.380775
4.8245	0.381337
4.7354	0.381937
4.6697	0.382575
4.6442	0.383137
4.6161	0.383587
4.5808	0.383962
4.5426	0.384300
4.4939	0.384712
4.4259	0.385087
4.3996	0.385537
4.4027	0.385950
4.3493	0.386437
4.2906	0.387037
4.2022	0.387562
4.1246	0.388125
4.0926	0.388800
4.0362	0.389362
3.9839	0.390000
3.9247	0.390750
3.8368	0.391575
3.7938	0.392362
3.7495	0.393075
3.6790	0.393787
3.6191	0.394612
3.5352	0.395475
3.4695	0.396112
3.4257	0.396712
3.3912	0.397462
3.3434	0.398062
3.2764	0.398550
3.2439	0.399112
3.2079	0.399825
3.1614	0.400425
3.1221	0.400912
3.1003	0.401475
3.0844	0.402112
3.0560	0.402862
3.0214	0.403500
2.9414	0.404175
2.8633	0.404887
2.8105	0.405525
2.7726	0.406162
2.7488	0.406762
2.7254	0.407437
2.6736	0.408000
2.6315	0.408525
2.6193	0.409125
2.5971	0.409650
2.5620	0.410137
2.5459	0.410737
2.5412	0.411300
2.5021	0.411712
2.4883	0.412200
2.4326	0.412687
2.4122	0.413025
2.3887	0.413362
2.3196	0.413850
2.2870	0.414450
2.2750	0.414900
2.2813	0.415275
2.2621	0.415837
2.2201	0.416475
2.1881	0.416925
2.1619	0.417300
2.1633	0.417750
2.0900	0.418312
2.0758	0.418762
2.1066	0.419062
2.0716	0.419475
2.0492	0.420075
2.0250	0.420487
2.0091	0.420787
1.9890	0.421275
1.9547	0.421950
1.8788	0.422512
1.8267	0.423000
1.7907	0.423600
1.8136	0.424237
1.8000	0.424800
1.7621	0.425325
1.7404	0.425812
1.7832	0.426375
1.7663	0.426900
1.7012	0.427275
1.6779	0.427837
1.6746	0.428475
1.6534	0.428962
1.6209	0.429450
1.5886	0.430050
1.5640	0.430650
1.5275	0.431175
1.5321	0.431737
1.5103	0.432262
1.4621	0.432787
1.4313	0.433237
1.4029	0.433762
1.3730	0.434325
1.3292	0.434887
1.3261	0.435300
1.3251	0.435825
1.3085	0.436387
1.2608	0.436762
1.2370	0.437212
1.2901	0.437850
1.2876	0.438487
1.2439	0.438975
1.2260	0.439575
1.2051	0.440362
1.1626	0.441112
1.1613	0.441712
1.1685	0.442275
1.1713	0.442987
1.1283	0.443775
1.1039	0.444412
1.0590	0.444975
1.0539	0.445725
1.0480	0.446550
0.9901	0.447187
0.9769	0.447712
0.9871	0.448387
0.9497	0.449212
0.8895	0.449737
0.8701	0.450225
0.8693	0.450825
0.8584	0.451387
0.8631	0.451762
0.8718	0.452287
0.8561	0.452925
0.8269	0.453337
0.7999	0.453787
0.7660	0.454312
0.7637	0.454725
0.7785	0.455025
0.7779	0.455287
0.8062	0.455625
0.7840	0.455887
0.7801	0.456075
0.7740	0.456375
0.7600	0.456900
0.7765	0.457425
0.7771	0.457912
0.7471	0.458512
0.7102	0.459075
0.6821	0.459675
0.6727	0.460237
0.6622	0.460612
0.6592	0.461137
0.6230	0.461737
0.6269	0.462150
0.6253	0.462525
0.5946	0.462975
0.5731	0.463612
0.5876	0.464212
0.5917	0.464775
0.5780	0.465337
0.5509	0.466012
0.5696	0.466687
0.5822	0.467250
0.5401	0.467887
0.5202	0.468600
0.5027	0.469275
0.4620	0.469950
0.4530	0.470662
0.4418	0.471412
0.4840	0.471975
0.4839	0.472500
0.4542	0.473175
0.4177	0.473775
0.3908	0.474262
0.3480	0.474750
0.3443	0.475425
0.3741	0.476025
0.3764	0.476512
0.3684	0.477112
0.3539	0.477675
0.3394	0.478087
0.2947	0.478125
0.2719	0.478125